0
2
2
3
3
4
5
5
5
8
9
9
10
12
12
12
13
14
15
15
16
16
16
17
18
20
20
20
22
23
25
25
27
27
28
29
31
31
34
36
36
37
40
40
41
41
42
43
43
44
45
47
48
48
49
51
51
54
55
56
58
58
58
59
60
61
61
61
62
63
65
65
70
70
70
71
71
73
74
75
76
77
78
78
80
80
81
81
82
82
84
84
85
85
86
86
87
88
88
89
91
98
102
102
102
103
103
103
103
106
106
107
109
110
110
110
112
112
112
113
113
114
115
117
117
118
118
119
120
122
123
124
124
125
126
127
127
128
129
131
131
133
137
138
140
142
142
143
143
143
144
144
145
146
147
147
147
148
148
151
151
152
153
153
153
162
164
164
164
165
166
167
170
170
171
171
176
177
178
179
179
182
183
184
185
186
187
187
187
188
188
189
189
190
191
192
192
193
193
193
194
195
196
196
197
197
197
198
198
199
200
201
201
204
206
206
209
209
211
215
217
217
218
219
220
221
222
224
224
226
226
226
227
228
228
228
228
230
231
231
233
233
235
236
236
239
239
240
242
244
244
244
244
244
246
246
247
247
248
249
249
251
254
257
258
260
261
262
262
263
264
264
266
269
269
269
270
270
270
270
271
271
272
273
274
275
277
277
277
277
279
280
280
280
290
290
291
292
293
293
294
295
296
298
298
298
299
300
302
302
304
304
304
306
306
307
307
308
308
309
310
311
311
312
313
314
314
314
316
316
317
317
318
320
321
322
323
324
326
327
328
330
330
331
332
332
333
334
334
337
337
338
338
343
343
344
344
345
345
345
346
346
349
349
349
350
351
354
355
355
357
359
361
361
362
362
365
366
367
369
369
370
371
372
373
373
374
375
376
376
376
377
377
377
378
380
381
381
383
385
390
391
391
394
395
396
399
399
401
401
403
403
404
404
407
412
412
414
415
415
418
418
418
419
422
422
422
423
423
424
425
426
427
429
431
431
431
431
432
432
434
434
435
436
436
436
437
438
439
442
443
443
443
444
444
445
445
445
446
447
448
449
451
451
451
453
454
455
456
456
460
462
464
464
466
467
467
468
468
468
469
470
472
472
473
473
473
473
475
481
482
482
483
485
486
487
488
489
489
490
490
490
491
494
501
502
504
505
505
508
512
513
514
514
515
516
518
520
521
521
522
524
524
524
525
525
525
529
530
531
532
532
532
532
533
537
537
540
540
541
541
542
543
545
545
547
547
547
548
550
551
553
555
557
557
561
563
563
565
565
565
566
568
569
570
570
571
572
573
573
574
574
575
578
578
578
579
579
581
582
582
583
583
585
587
587
588
589
589
590
591
592
593
595
596
596
598
598
601
602
602
604
605
605
606
606
607
609
609
609
610
610
611
612
612
612
613
613
613
615
617
617
619
620
621
621
622
623
623
626
628
629
629
630
631
632
636
637
637
637
639
639
640
641
643
643
647
649
650
651
652
653
654
654
655
655
657
657
659
660
660
661
661
662
663
664
665
668
668
669
672
673
674
678
678
678
678
679
679
679
679
680
681
682
684
685
686
687
688
689
692
693
693
693
695
697
697
701
705
705
706
706
707
707
708
710
711
711
711
712
712
714
715
716
717
718
719
722
722
722
723
723
724
724
725
727
728
730
733
734
734
735
736
736
737
737
739
739
740
741
744
744
745
746
747
747
747
747
748
748
751
752
752
753
755
759
759
760
760
761
761
761
762
763
763
765
766
770
771
772
772
772
773
773
774
775
779
779
780
780
781
783
783
784
784
785
787
787
790
790
791
792
792
794
795
795
797
798
799
799
800
800
803
803
804
807
809
811
813
816
816
819
821
823
824
825
825
825
826
827
828
830
831
831
833
834
834
835
835
836
838
838
838
839
839
839
840
840
840
842
846
847
848
849
850
851
853
854
854
854
855
859
860
861
866
866
866
868
868
869
869
869
874
875
876
876
876
876
877
877
878
878
878
879
880
881
881
882
882
885
886
887
887
889
889
891
896
897
897
897
898
899
901
901
901
902
904
904
904
905
905
905
906
907
908
908
910
911
911
913
913
913
914
915
916
917
917
917
917
918
919
921
921
922
926
926
927
929
931
931
932
934
934
935
936
938
938
939
939
941
941
942
942
942
945
947
949
951
951
951
951
952
955
956
956
957
959
962
963
963
963
965
966
969
970
971
971
974
975
976
976
976
976
977
978
978
979
979
979
980
980
980
981
982
982
986
987
988
988
989
990
990
991
992
993
995
997
997
999
999
