0
0
3
4
4
5
6
6
6
7
8
8
9
10
11
13
13
14
15
15
17
19
20
20
21
23
24
25
26
29
30
31
32
32
33
34
35
36
38
40
41
42
42
43
45
46
46
46
48
48
50
51
51
51
51
52
54
54
60
61
61
62
62
63
63
63
64
65
66
69
70
70
72
72
73
75
75
76
76
76
76
77
78
79
80
80
82
84
84
86
87
89
92
93
94
95
95
95
96
98
101
102
103
103
105
105
105
106
106
106
109
111
111
111
112
113
115
115
116
119
123
124
125
129
130
130
133
133
134
135
135
136
136
136
137
139
140
140
142
142
142
142
144
144
149
150
150
151
151
152
153
153
154
156
156
156
158
158
158
161
161
162
162
163
163
163
164
165
166
166
167
169
169
173
175
175
178
178
178
179
182
182
183
185
185
185
186
187
188
188
189
189
190
192
192
193
194
195
195
196
197
200
201
201
202
202
203
203
203
204
205
206
207
209
210
212
213
213
214
215
215
215
215
216
216
217
221
222
222
226
228
229
232
232
234
234
234
236
236
238
238
238
239
239
240
240
241
241
241
242
243
244
247
247
248
249
251
252
253
253
253
254
255
256
256
256
257
257
258
258
258
259
259
259
260
261
261
261
261
264
264
264
265
267
267
269
269
270
273
275
276
276
277
277
277
278
279
280
280
280
282
283
284
284
284
288
290
291
293
296
296
299
300
301
301
303
304
304
306
306
308
308
309
310
311
312
313
314
315
315
317
319
319
322
328
331
332
334
335
335
336
337
337
338
339
344
344
346
347
347
348
349
350
350
350
351
351
351
353
357
357
363
365
365
365
367
367
367
369
369
369
370
370
370
370
371
372
372
372
373
374
376
378
383
383
385
387
388
389
389
391
391
392
394
395
399
400
402
403
403
404
405
405
405
405
405
407
408
408
408
409
409
410
410
411
411
411
413
414
417
417
418
418
418
419
420
420
421
421
421
422
422
424
424
427
427
428
428
428
430
430
433
433
435
435
435
436
438
438
438
438
438
440
441
442
443
444
446
446
446
447
448
449
449
450
450
451
452
453
454
454
455
455
457
458
459
459
460
462
462
466
466
467
468
468
474
474
476
479
480
480
480
481
482
483
486
487
489
491
492
494
494
496
497
500
500
501
503
503
505
506
506
506
506
508
510
511
511
514
514
517
517
520
524
526
527
527
527
530
531
532
534
535
535
536
536
537
538
541
542
543
543
543
543
544
545
546
546
547
548
548
548
552
552
552
553
553
555
556
557
557
557
557
558
559
562
565
569
572
572
572
573
573
575
576
576
576
578
578
580
580
580
582
583
583
586
587
587
590
590
592
595
595
595
595
596
596
596
599
599
599
600
601
602
602
603
604
604
606
606
607
607
608
608
609
610
612
613
613
613
615
615
616
617
621
622
622
623
624
626
627
629
629
630
630
631
633
633
634
634
635
636
640
640
640
640
641
642
644
645
645
645
645
649
651
652
653
654
655
656
657
659
660
663
663
664
667
667
670
671
671
671
673
676
677
677
677
677
679
681
682
683
683
683
684
684
684
684
689
689
690
691
697
697
700
700
701
701
703
706
708
708
710
712
713
714
716
716
718
723
724
725
727
728
728
730
731
732
733
734
736
737
737
738
738
738
739
739
740
741
742
743
744
745
746
746
746
749
750
750
750
752
752
753
757
757
757
759
763
763
763
763
764
766
766
767
769
770
770
771
772
775
775
775
780
781
781
783
783
785
786
786
789
789
790
791
792
792
792
794
795
795
796
797
798
800
801
802
804
805
806
808
808
808
811
812
814
814
815
816
816
818
821
821
822
824
825
825
827
827
831
831
833
833
834
834
837
837
838
839
839
839
840
841
841
842
843
844
844
845
846
851
852
852
852
855
857
857
857
858
859
861
861
862
862
863
864
865
865
865
866
868
868
871
871
872
872
873
875
875
877
877
878
879
880
880
881
882
886
886
887
887
887
888
890
890
890
892
892
894
895
896
896
896
897
898
898
898
899
902
902
903
905
906
907
907
908
908
910
910
911
911
912
912
913
913
913
914
915
916
917
919
919
919
922
922
923
926
927
929
930
930
931
931
934
936
937
939
940
941
941
942
944
944
944
945
946
946
946
946
948
948
949
949
950
950
951
952
952
952
953
954
954
955
955
956
956
956
958
958
958
960
960
962
962
964
964
964
968
969
970
971
972
972
973
974
974
975
975
977
977
978
978
979
980
982
983
988
989
991
991
991
992
993
993
994
994
994
995
998
